"RelInt";"Deman";"ApCol";"ApSup";"Contr";"Papel";"Mudan";"Engaj"
-0.671463033737546;-0.351954753479223;-0.382272842312675;1.01876430076924;1.40465409042903;-0.915812318903295;-0.711539682783421;NA
1.11813902356558;1.26890550841789;-0.918805762261383;-1.85826367442033;-0.382620959279889;-0.0213049010216299;-0.332906533595634;0.481117704984389
-0.102290773674093;-0.635404917305105;-0.650539302287029;NA;0.92176225868927;0.825060321779692;-0.332906533595634;0.35306402727052
NA;NA;NA;NA;NA;NA;NA;NA
0.466881486389359;-0.351954753479223;-0.882763651411421;-0.445826194803048;1.124105687113;0.825060321779692;1.3994615710656;0.592768208742104
-0.671463033737546;-0.27821945816401;NA;NA;1.40465409042903;0.825060321779692;NA;0.0189995584171219
0.548966763502129;0.849393748618653;-0.686581413136991;-0.432872127037251;0.231484283032676;-0.483864923109788;-0.631140862144568;-0.796104150722886
2.33856882080526;1.46102393375061;-3.31092159953432;-2.07039950921289;NA;0.825060321779692;-2.09010583432885;0.864797403055138
-0.671463033737546;0.923129043933867;-0.333927205049485;NA;0.641213855373241;0.825060321779692;NA;0.270390112992232
-0.102290773674093;0.00523070566187278;-0.891043400199113;-0.00210453332051626;0.231484283032676;-0.483864923109788;-0.363642962090518;-1.0552538666057
-0.671463033737546;0.849393748618653;1.40122585331163;1.22379281974636;1.40465409042903;0.825060321779692;1.77809472025338;1.13627399819883
-0.671463033737546;0.00523070566187278;-0.650539302287029;-0.397634512354448;0.84558952534524;0.825060321779692;0.343960944141087;0.634425649169113
-0.102290773674093;0.00523070566187278;-0.0934231071374003;-0.00210453332051626;-0.00996163283720422;-0.50793602064996;0.399528568707956;0.00295162179405142
0.548966763502129;0.640644782492641;-0.0656607450751307;0.416911578823718;1.124105687113;0.825060321779692;0.667026468762005;-0.29091427398952
0.548966763502129;2.53876775969477;NA;0.170832353282829;-1.13012300455305;0.362500299691534;0.399528568707956;NA
-0.671463033737546;-1.53570681239916;1.11237611813636;1.22101724239855;1.40465409042903;0.825060321779692;0.313224515646203;-0.841031346125186
-0.671463033737546;-1.53570681239916;0.52749756092446;0.831317185280284;0.512032686348705;0.825060321779692;0.368792140213071;-0.204014414240575
-0.671463033737546;-0.272032009643143;0.816347296099734;0.412284243101352;0.399767939503361;0.825060321779692;0.69185766483399;0.483914864519168
-0.0202054965613237;-0.272032009643143;-0.954847873111345;1.02616721383942;-0.327580282051114;-0.0759886248564529;-0.308075337523649;-0.971702031383714
-0.671463033737546;1.13284391244454;1.13295939333728;1.22379281974636;1.40465409042903;0.825060321779692;1.04565961794979;1.13627399819883
-0.0202054965613237;0.288680869487755;0.223188990100144;-0.0184833506153825;1.08703544121512;-0.0453759985618015;-0.332906533595634;-1.2126824375897
-0.671463033737546;2.52117131651682;-1.22713811071123;-1.38828030247968;0.512032686348705;0.825060321779692;NA;0.732685863069515
0.548966763502129;-0.192109265807063;-0.0656607450751307;0.192745495238618;NA;NA;-0.00984100897471557;NA
-0.671463033737546;0.991642793112871;NA;NA;NA;-0.0759886248564529;NA;NA
-0.102290773674093;0.554534590135695;0.52749756092446;-0.661682376379414;0.512032686348705;0.825060321779692;0.722594093328874;0.928403080532981
-0.671463033737546;-0.981181381789125;1.40122585331163;0.812162790637608;1.124105687113;0.386571397231705;1.3994615710656;NA
-0.671463033737546;0.287714967103098;0.259231100950106;-1.24810105046607;1.40465409042903;0.825060321779692;-1.12090926046609;NA
-0.671463033737546;0.277271874830679;-0.650539302287029;-0.00397312172976919;0.512032686348705;0.417184023526357;-0.00984100897471557;0.363154057392377
-0.671463033737546;-0.143205787353211;0.816347296099734;0.812162790637608;1.08703544121512;0.417184023526357;1.07639604644468;0.979255987782028
-0.671463033737546;1.69460471673799;0.844109658162004;0.617312762078473;0.84558952534524;0.825060321779692;1.04565961794979;-2.20972414689352
-0.671463033737546;-0.41428105413736;0.795764020898814;0.621661330580797;0.231484283032676;-0.0213049010216299;1.04565961794979;0.328597001506834
1.85148183785457;1.21276665628062;-2.11742590067379;-1.05506499978405;-0.531955952023114;-1.76217754170462;-2.06527463825686;-2.02923309628945
0.548966763502129;0.991642793112871;-0.0811195807241724;-0.0286618410333689;-0.267345738489709;0.386571397231705;-0.332906533595634;-1.31834262297911
-0.671463033737546;-0.41428105413736;0.864692933362924;1.02339163649161;1.124105687113;0.825060321779692;1.77809472025338;-0.980435756198772
-0.102290773674093;-0.703918666484109;0.795764020898814;1.22101724239855;0.882659771243121;-0.0519175273162812;0.69776289725689;0.248832930077594
-0.671463033737546;-1.25844409709414;1.13295939333728;1.4186428483055;0.84558952534524;0.825060321779692;1.42429276713758;-0.340414139854188
-0.671463033737546;-0.981181381789125;1.40122585331163;1.4186428483055;1.16320817455915;0.825060321779692;1.07049081402178;0.480103046089454
NA;NA;NA;NA;NA;NA;NA;NA
-0.671463033737546;-0.0632830435171311;0.202605714899223;1.4186428483055;1.0710972514325;0.825060321779692;0.338055711718187;0.850596830174812
-0.671463033737546;-0.0685045896533406;-0.0656607450751307;0.585221129704697;-0.00996163283720422;-0.483864923109788;0.0149901870972687;0.778653898970879
1.7693965607418;1.26890550841789;-0.954847873111345;-1.44754063425013;-2.02274440863338;-0.891741221363124;-1.04051043982724;-3.6052902056332
0.548966763502129;NA;0.54808083612538;-0.196047572941094;-2.05981465453126;0.825060321779692;-0.283244141451665;NA
0.548966763502129;-0.209705708985006;0.223188990100144;-0.829975097225696;-0.290510036153234;-0.0213049010216299;0.0457266155921533;0.722769407708261
-0.671463033737546;-1.53570681239916;0.844109658162004;1.4186428483055;1.40465409042903;0.825060321779692;-0.332906533595634;0.797035570757307
-0.671463033737546;-0.912667632610121;0.52749756092446;0.629064243650973;-0.290510036153234;-1.35430124345128;0.020895419520169;-0.545638367609541
NA;0.991642793112871;-0.0502019094260892;-0.216108956522327;-0.251407548707084;-0.483864923109788;-0.00984100897471557;-0.188409518631138
1.7693965607418;-0.912667632610121;0.488300140838684;-1.0776441439558;-0.0789082583003343;-0.867670123822952;-2.06527463825686;-0.710493178032285
NA;NA;NA;NA;NA;NA;NA;NA
-0.671463033737546;-0.0746920381742071;0.52749756092446;0.592624042774873;0.231484283032676;0.825060321779692;1.07639604644468;0.862647010737092
-0.671463033737546;-1.25844409709414;0.864692933362924;1.4186428483055;1.40465409042903;0.825060321779692;1.02082842187781;-0.108093816903792
-0.671463033737546;0.991642793112871;-1.53972643032324;-0.615987504058582;-0.125236853627384;0.825060321779692;NA;NA
-0.102290773674093;1.68841726821712;-0.954847873111345;-1.46854678726736;0.829651335562615;0.825060321779692;-1.38840716052014;0.107740971055031
1.11813902356558;-0.486968424290022;-0.607318104575718;-0.0138728449277134;-2.32224147567687;0.825060321779692;-1.68664148906908;-0.176204087778998
1.11813902356558;1.26890550841789;0.223188990100144;0.412284243101352;-0.516017762240489;0.386571397231705;-0.00984100897471557;0.662847520755129
1.7693965607418;2.25531759586888;-2.13288473632283;-1.86102242173344;-2.33516919151466;-0.483864923109788;-1.30800833988129;NA
-0.671463033737546;-0.0746920381742071;1.09691728248732;1.19910410044276;0.829651335562615;0.825060321779692;0.368792140213071;1.0017321254522
-0.671463033737546;0.843206300097787;-0.0656607450751307;-0.00488011066832635;0.882659771243121;0.00930772527302143;-0.742276111278305;0.0760341865909347
-0.671463033737546;-0.358142202000089;0.816347296099734;1.22101724239855;0.604143609475361;0.417184023526357;1.04565961794979;0.717367793028763
-0.671463033737546;2.03419373270114;-0.650539302287029;-0.434740715446504;-0.902583036917529;-0.946424945197947;-1.41914358901503;NA
1.11813902356558;1.48384192306477;-0.369969315899447;-1.25918652982261;0.588205419692736;-0.0759886248564529;-1.00977401133235;-1.44742293601603
-0.671463033737546;0.565943584792771;0.238647825749185;0.192745495238618;0.270586770478826;0.362500299691534;-0.00984100897471557;NA
-0.671463033737546;-0.351954753479223;-1.50368431947328;0.419687156171529;-0.902583036917529;0.825060321779692;0.313224515646203;0.418510104344716
1.11813902356558;-0.0509081464753982;-0.638235775873801;-1.65876948010413;-0.00996163283720422;0.362500299691534;-1.74220911363594;-0.434243052099077
-0.671463033737546;-0.697731217963243;0.823526382961083;1.22101724239855;1.16320817455915;0.825060321779692;1.3994615710656;0.326186513872997
-0.671463033737546;-1.53570681239916;1.40122585331163;NA;1.16320817455915;0.825060321779692;NA;0.821880601914749
-0.671463033737546;-0.265844561122277;-1.49138079306005;0.156305294362518;-0.789340057675619;0.825060321779692;-1.00977401133235;NA
-0.671463033737546;0.351007170145893;0.52749756092446;0.604375524347374;0.270586770478826;-0.0453759985618015;-0.00984100897471557;-0.783747190118294
-0.671463033737546;-0.912667632610121;0.223188990100144;-0.82534776150333;-0.290510036153234;-1.79279016799927;-0.332906533595634;-1.1703876372485
0.466881486389359;-0.27821945816401;0.844109658162004;-0.645024791864506;-0.253439790255354;-1.33677167466559;-0.686708486711436;-2.2627303737714
-0.671463033737546;-0.000956742858993678;0.210885463686916;0.412284243101352;1.16320817455915;0.825060321779692;-0.00984100897471557;-0.174281025191899
-0.671463033737546;-1.53570681239916;-0.0656607450751307;1.02894279118723;0.604143609475361;0.825060321779692;0.69185766483399;NA
1.11813902356558;-0.41428105413736;-0.333927205049485;-0.594074362102793;0.286524960261451;NA;0.667026468762005;NA
-0.671463033737546;-0.130830890311478;1.40122585331163;0.602506935938121;1.16320817455915;0.825060321779692;0.368792140213071;0.348751549039778
-0.671463033737546;0.985455344592004;-0.354510480250405;0.192745495238618;0.84558952534524;0.362500299691534;0.368792140213071;-0.334518596656193
-0.671463033737546;0.85558119713952;0.808067547312042;0.567935323471274;0.360665452057211;0.386571397231705;0.399528568707956;1.15879924416055
-0.671463033737546;-0.41428105413736;0.816347296099734;1.02894279118723;NA;-0.100059722396625;1.04565961794979;0.905106002882278
-0.671463033737546;-0.629217468784239;-0.629956027086108;0.195521072586428;-0.102072555963859;-0.483864923109788;0.399528568707956;NA
-0.671463033737546;3.24172968331988;NA;NA;1.16320817455915;0.417184023526357;NA;0.565743467144604
-0.671463033737546;0.00523070566187278;0.808067547312042;0.828541607932474;1.16320817455915;0.386571397231705;0.368792140213071;-0.35108361617415
-0.671463033737546;0.565943584792771;0.223188990100144;0.823914272210108;0.882659771243121;0.825060321779692;1.10122724251666;0.862327718929033
-0.102290773674093;0.565943584792771;0.223188990100144;1.22101724239855;0.512032686348705;0.825060321779692;0.722594093328874;0.977624089135355
1.7693965607418;2.18680384668988;-0.377148402760796;-1.0322448688897;-1.18313144023356;-0.0519175273162812;-0.711539682783421;-2.86731894895421
-0.671463033737546;0.357194618666759;1.40122585331163;1.4186428483055;0.790548848116466;0.825060321779692;1.45502919563246;0.978701494311702
-0.102290773674093;0.991642793112871;-0.0811195807241724;-1.48770118191004;-0.941685524363679;-2.63915539080059;-1.00977401133235;-1.13401693158335
-0.102290773674093;1.05396909377101;0.52749756092446;0.392222859520119;0.270586770478826;0.825060321779692;-0.332906533595634;-0.19346346810117
-0.671463033737546;-0.697731217963243;-0.650539302287029;-0.401983080856772;-0.902583036917529;-0.483864923109788;-1.06534163589922;-0.132092582454088
-0.671463033737546;-0.629217468784239;0.223188990100144;0.390371101145563;0.231484283032676;-0.483864923109788;0.722594093328874;0.945678383506274
-0.671463033737546;-0.000956742858993678;1.09691728248732;1.21638990667619;1.16320817455915;-0.0453759985618015;-0.0654086335415845;-0.372647754298745
1.7693965607418;1.26890550841789;-1.53972643032324;-0.835526251921316;-0.941685524363679;-0.483864923109788;-0.332906533595634;-0.242620738841845
-0.102290773674093;0.288680869487755;-0.114006382338321;-0.418361898151638;0.270586770478826;0.417184023526357;0.399528568707956;-0.151491444324105
-0.0202054965613237;-1.53570681239916;0.808067547312042;0.776629578700065;0.680316342819391;0.825060321779692;0.747425289400859;0.583420798007287
-0.671463033737546;0.351007170145893;-0.402856117513595;NA;1.16320817455915;0.00930772527302143;0.288393319574218;-0.881716979293051
-0.671463033737546;0.00523070566187278;0.223188990100144;0.390371101145563;0.565041122029211;0.825060321779692;0.722594093328874;0.924749025483199
1.11813902356558;0.344819721625026;-0.382272842312675;-0.854680646563993;-0.902583036917529;-1.33023014591111;-1.00977401133235;-0.10742568628957
-0.671463033737546;0.634457333971775;0.534676647785809;0.825766030584664;-1.15328730221658;0.825060321779692;0.0705578116641377;1.21453014159239
3.6410838951577;-0.0746920381742071;-2.13288473632283;-2.69444414033424;0.307657016376706;-0.0213049010216299;-2.44390778744465;0.309949889827662
0.548966763502129;0.708192629286988;-0.446077315224907;-0.654279463309238;-0.661137121047649;-0.453252296815137;0.722594093328874;NA
0.548966763502129;0.572131033313638;0.223188990100144;0.390371101145563;-0.00996163283720422;-0.483864923109788;0.343960944141087;0.0566411719040748
-0.671463033737546;-0.272032009643143;-0.346230731462713;0.0124056955650971;0.549102932246586;0.825060321779692;0.0457266155921533;0.273387322781678
NA;NA;NA;NA;NA;NA;NA;NA
1.7693965607418;1.82961838754879;-0.650539302287029;-0.226270616905617;-0.382620959279889;-0.0759886248564529;-1.00977401133235;1.0603432902651
-0.671463033737546;0.220167120308751;1.40122585331163;1.19910410044276;1.40465409042903;0.386571397231705;1.04565961794979;0.94472086004563
-0.671463033737546;0.991642793112871;0.808067547312042;1.4186428483055;0.231484283032676;-0.0213049010216299;-0.00984100897471557;-0.361912280127966
-0.671463033737546;-1.53570681239916;-0.270122732137253;0.614537184730663;0.92176225868927;0.825060321779692;0.69185766483399;-0.166634262835472
-0.671463033737546;-0.0685045896533406;1.40122585331163;1.22379281974636;1.16320817455915;0.825060321779692;0.374697372635972;1.16133658397987
1.7693965607418;0.00523070566187278;-0.954847873111345;-0.00210453332051626;-0.251407548707084;-0.483864923109788;-0.686708486711436;-1.13224177835741
-0.671463033737546;0.985455344592004;0.52749756092446;1.00425407188363;0.0291408546089456;0.825060321779692;-0.00984100897471557;-0.474616156763153
-0.0202054965613237;0.288680869487755;-0.361689567111754;0.604375524347374;0.882659771243121;-1.35430124345128;NA;-0.72906107003259
NA;NA;NA;NA;NA;NA;NA;NA
-0.671463033737546;-0.420468502658227;1.40122585331163;1.02616721383942;0.604143609475361;-0.0213049010216299;-0.00984100897471557;0.084483128468653
2.98982635798148;1.27509295693875;-1.86461827634848;-2.09971556423885;-2.11485533176003;-2.25535019008743;-1.38840716052014;-0.566602941873076
-0.671463033737546;NA;NA;NA;NA;-0.891741221363124;NA;NA
-0.671463033737546;1.19517021310267;0.52749756092446;0.812162790637608;0.52797087613133;0.825060321779692;1.04565961794979;0.823639487392621
-0.671463033737546;1.26890550841789;-0.885918960647234;-1.48583259350079;-1.46367984354959;-0.483864923109788;-0.97903758283747;-0.979379910855228
2.98982635798148;0.0114181541827392;0.503758976487726;-0.834619262982759;0.512032686348705;0.825060321779692;0.0457266155921533;0.134027163759665
1.7693965607418;1.12665646392367;0.223188990100144;-0.637900646014372;0.231484283032676;0.386571397231705;0.42435976477994;0.742556006702261
-0.671463033737546;-0.351954753479223;0.49973519886219;-0.0242964424963481;0.323595206159331;0.825060321779692;1.77809472025338;1.21453014159239
-0.671463033737546;0.849393748618653;0.780305185249772;-0.255586671931582;-0.939653282815409;0.825060321779692;0.399528568707956;NA
-0.671463033737546;0.288680869487755;-1.20765549743666;0.204496976811118;-0.849574601237024;0.362500299691534;0.020895419520169;0.084183688959494
-0.671463033737546;0.991642793112871;0.223188990100144;-0.204357474949827;0.549102932246586;-0.0453759985618015;0.753330521823759;0.652034135090064
-0.671463033737546;NA;NA;NA;1.40465409042903;0.825060321779692;NA;1.21453014159239
2.98982635798148;2.04560272735822;-0.621676278298416;-2.28005536391237;-0.571058439469264;0.825060321779692;-1.36357596444816;-0.079756792105862
0.466881486389359;1.96567998352214;NA;-1.67079972889667;0.549102932246586;0.825060321779692;-0.277338909028765;0.928830416796964
-0.671463033737546;-0.289628452821086;0.52749756092446;0.614537184730663;1.16320817455915;0.825060321779692;0.753330521823759;0.6995238480976
-0.671463033737546;1.42256354756918;NA;NA;NA;0.825060321779692;NA;NA
0.548966763502129;1.55235567224377;0.259231100950106;0.412284243101352;0.323595206159331;0.825060321779692;1.04565961794979;-0.216977245407081
-0.671463033737546;-0.617808474127163;0.223188990100144;0.390371101145563;0.549102932246586;0.825060321779692;0.722594093328874;0.757125772488342
-0.671463033737546;1.82961838754879;0.52749756092446;0.609909849008297;0.323595206159331;0.825060321779692;-0.00984100897471557;0.800160540903294
-0.671463033737546;-1.25844409709414;0.223188990100144;0.390371101145563;-0.00996163283720422;-0.0213049010216299;-0.00984100897471557;0.77464717508103
0.548966763502129;0.288680869487755;-0.0656607450751307;-0.223511869592503;0.231484283032676;-0.483864923109788;0.368792140213071;0.284088049411959
-0.671463033737546;0.634457333971775;0.223188990100144;-0.228139205314869;0.231484283032676;-0.0759886248564529;0.399528568707956;0.00579894538858481
-0.102290773674093;-0.346733207343013;0.491455450074498;0.000654213992596936;-0.00996163283720422;-0.429181199274965;-0.00984100897471557;NA
-0.671463033737546;-0.629217468784239;0.816347296099734;0.602506935938121;1.0710972514325;0.825060321779692;0.343960944141087;0.810018885511162
0.548966763502129;0.923129043933867;1.40122585331163;0.161856449058139;1.40465409042903;0.825060321779692;0.42435976477994;-0.539401007378049
-0.671463033737546;0.843206300097787;-1.5242675946742;-0.848463489652416;1.40465409042903;0.825060321779692;1.04565961794979;1.16133658397987
-0.671463033737546;1.26890550841789;0.223188990100144;-0.0240176752763058;0.270586770478826;-0.483864923109788;-0.00984100897471557;0.840784607983763
-0.102290773674093;0.00523070566187278;0.491455450074498;0.387595523797753;-0.941685524363679;0.417184023526357;0.0457266155921533;0.333959126926697
-0.671463033737546;0.00523070566187278;0.223188990100144;0.592624042774873;-0.00996163283720422;-0.0453759985618015;0.722594093328874;0.783890212071911
-0.671463033737546;-0.137018338832345;-0.382272842312675;0.802001130254318;0.52797087613133;0.825060321779692;1.42429276713758;0.720329209374591
-0.671463033737546;-1.53570681239916;0.816347296099734;0.41478105322912;1.40465409042903;0.825060321779692;1.77809472025338;0.970084456319719
0.466881486389359;1.26890550841789;-0.385428151548488;-0.22164328118325;-0.849574601237024;-0.0213049010216299;0.020895419520169;-0.279914680382856
NA;NA;NA;NA;NA;NA;NA;NA
-0.671463033737546;-0.981181381789125;1.40122585331163;1.02894279118723;0.438870426949511;0.825060321779692;1.42429276713758;NA
-0.671463033737546;0.911720049276791;-0.0656607450751307;0.168056775935019;-0.00996163283720422;0.417184023526357;-0.332906533595634;NA
-0.671463033737546;NA;1.40122585331163;1.00425407188363;0.323595206159331;0.825060321779692;0.667026468762005;0.829029671452926
1.7693965607418;1.3426408037331;-0.361689567111754;-1.87554948065375;-0.647231172813294;0.386571397231705;-1.00977401133235;-0.951131081546587
-0.671463033737546;0.288680869487755;-0.333927205049485;0.170832353282829;-0.00996163283720422;-0.0453759985618015;-0.00984100897471557;NA
1.11813902356558;0.0737444548408767;0.223188990100144;0.823914272210108;0.565041122029211;0.825060321779692;0.722594093328874;0.231604636770282
-0.671463033737546;0.635423236356432;0.279814376151026;NA;0.176443605803901;0.825060321779692;1.77809472025338;0.872944619732163
-0.671463033737546;-0.981181381789125;1.40122585331163;1.22101724239855;0.604143609475361;0.825060321779692;0.667026468762005;-0.242907962921329
-0.671463033737546;0.991642793112871;0.223188990100144;-0.00488011066832635;0.231484283032676;-0.0213049010216299;-0.363642962090518;-0.0773313694255006
-0.102290773674093;-0.0685045896533406;0.250951352162413;0.394998436867929;-0.290510036153234;0.362500299691534;0.020895419520169;0.25487136010399
-0.102290773674093;0.645866328628851;-0.361689567111754;0.211899889881295;0.307657016376706;0.417184023526357;0.0149901870972687;0.313278964367681
0.466881486389359;0.288680869487755;-0.0296186342251687;-0.645303559084548;-0.547894141805739;-0.398568572980314;-0.0346722050466999;0.0866698388278284
-0.671463033737546;0.565943584792771;0.223188990100144;-0.612304937772215;-0.329612523599384;-0.0213049010216299;-0.655972058216552;-0.383262222903071
2.33856882080526;0.00523070566187278;-0.954847873111345;-1.463919451545;-0.941685524363679;-1.35430124345128;-2.44390778744465;-3.08710301651183
-0.671463033737546;-0.426655951179093;0.231468738887836;-0.370170215703038;1.40465409042903;0.825060321779692;0.107199472581922;0.604834555843293
-0.671463033737546;-0.0685045896533406;-0.686581413136991;-0.223511869592503;NA;-0.0213049010216299;0.020895419520169;NA
-0.671463033737546;1.971867432043;0.52749756092446;0.412284243101352;-1.79723668254612;0.825060321779692;-0.00984100897471557;0.344793225259314
-0.671463033737546;0.991642793112871;0.780305185249772;0.828541607932474;0.84558952534524;0.825060321779692;1.07639604644468;1.16440497003031
0.548966763502129;-0.0570955949962647;0.52749756092446;-0.435647704385061;-0.0490641202833541;0.386571397231705;0.722594093328874;0.352229919228495
-0.671463033737546;-0.000956742858993678;-0.333927205049485;0.390371101145563;0.0450790443915706;-0.0213049010216299;-0.00984100897471557;0.117034608996886
0.548966763502129;0.708192629286988;-0.650539302287029;-0.443050617455237;0.231484283032676;-0.483864923109788;-0.686708486711436;0.0816925487905111
3.55899861804493;2.6010940603529;-0.629956027086108;-0.00488011066832635;-1.38750711020556;-0.0453759985618015;-0.363642962090518;0.387973430215319
3.07191163509425;0.708192629286988;-0.0934231071374003;-1.88757972944629;-1.87340941589015;-2.63261386204611;-1.74220911363594;0.218399510310573
-0.671463033737546;-0.912667632610121;1.11237611813636;-0.0138560148930164;-0.0310936889524595;-1.73810644416445;0.313224515646203;-1.60948640488055
-0.671463033737546;0.00523070566187278;-0.382272842312675;-1.2280018863874;-0.624066875149769;-0.483864923109788;-0.655972058216552;-0.368304831155828
-0.102290773674093;-0.283441004300219;0.238647825749185;0.195521072586428;-0.251407548707084;-0.0213049010216299;-0.332906533595634;0.842065642426129
1.11813902356558;0.00523070566187278;0.223188990100144;-0.438406451698174;-0.327580282051114;0.362500299691534;-0.686708486711436;1.14655326461022
-0.671463033737546;-0.981181381789125;0.519217812136767;-0.000235944911263331;0.92176225868927;0.825060321779692;1.07049081402178;-0.0559754515680322
-0.0202054965613237;0.0114181541827392;0.52749756092446;0.195521072586428;-0.288477794604964;0.362500299691534;-0.00984100897471557;0.135974162913212
-0.102290773674093;1.12665646392367;0.259231100950106;-0.00210453332051626;0.231484283032676;0.825060321779692;1.10122724251666;NA
-0.102290773674093;1.89194468820692;0.52749756092446;-0.0166315922408265;-0.00996163283720422;0.825060321779692;0.399528568707956;-0.47915903402505
-0.671463033737546;-0.981181381789125;-0.0502019094260892;0.831317185280284;0.00597655694542076;0.825060321779692;-0.332906533595634;-0.0692954021835558
-0.671463033737546;-0.635404917305105;-0.942544346698117;-0.217015945460884;-1.46367984354959;-0.459793825569617;-1.71147268514106;0.499635159361973
0.548966763502129;0.985455344592004;-0.0450774698742103;-1.22433615013573;0.806487037899091;-0.453252296815137;0.313224515646203;1.04967358410758
1.11813902356558;0.991642793112871;-0.333927205049485;-0.233394762755751;-0.343518471833739;-0.891741221363124;-0.686708486711436;-0.39402300360123
1.93356711496734;2.27291403904683;0.328160013414216;0.831317185280284;-0.870706657352279;0.825060321779692;1.07049081402178;0.0591211964222757
-0.671463033737546;0.565943584792771;0.52749756092446;0.195521072586428;0.604143609475361;-0.453252296815137;1.07639604644468;NA
0.548966763502129;0.985455344592004;-0.0656607450751307;-0.440275040107427;-0.0490641202833541;-0.0759886248564529;-0.332906533595634;-0.642199905220335
-0.671463033737546;-0.0746920381742071;0.52749756092446;0.390371101145563;0.231484283032676;-0.483864923109788;0.69185766483399;0.115707806820763
-0.671463033737546;-0.358142202000089;1.40122585331163;1.4186428483055;-0.196366871478309;0.825060321779692;1.77809472025338;NA
-0.671463033737546;-0.137018338832345;0.816347296099734;NA;1.16320817455915;0.825060321779692;0.368792140213071;NA
1.03605374645281;-0.968806484747392;1.09691728248732;-1.05850657934782;-0.214337302809204;0.825060321779692;-0.631140862144568;-0.570064938463724
0.548966763502129;2.25531759586888;-0.665998137936071;-0.00210453332051626;-0.327580282051114;-0.483864923109788;0.020895419520169;-0.204787205750233
-0.671463033737546;0.344819721625026;-1.82857616549852;-0.416493309742385;-0.327580282051114;-0.946424945197947;-0.686708486711436;0.344586112310108
NA;NA;NA;NA;NA;NA;NA;NA
-0.0202054965613237;1.55235567224377;-0.313343929848564;0.809404043324494;0.882659771243121;-0.100059722396625;-0.631140862144568;0.747089395715015
2.42065409791802;0.911720049276791;-1.8594938367966;-1.24528769262082;-0.684301418711174;-1.87808651812874;-1.35767073202526;NA
1.7693965607418;1.04778164525014;0.816347296099734;0.609909849008297;1.08703544121512;-0.483864923109788;1.3994615710656;0.333959126926697
-0.102290773674093;-0.221114703642082;1.13295939333728;1.19910410044276;0.565041122029211;0.825060321779692;0.747425289400859;NA
-0.102290773674093;1.20657920775975;0.555259922986729;1.22101724239855;0.882659771243121;0.825060321779692;-0.0405774374696002;0.208105942208469
-0.671463033737546;-0.821335894116966;0.823526382961083;0.214379869974366;1.40465409042903;0.825060321779692;1.3994615710656;1.08947130673453
1.7693965607418;1.27509295693875;-1.2231143330857;-0.637900646014372;-0.941685524363679;-2.23127909254726;-0.332906533595634;-0.546611887738996
1.11813902356558;2.18158230055367;-0.671122577487949;NA;-0.00996163283720422;0.825060321779692;-0.363642962090518;0.772752824036912
NA;NA;NA;NA;NA;NA;NA;NA
1.7693965607418;1.13284391244454;-1.82857616549852;-1.85826367442033;-2.35630124762991;-0.459793825569617;-1.38840716052014;-2.48721869844804
-0.671463033737546;-0.426655951179093;-0.662842828700257;-2.2973411701458;-1.834306928444;-1.71403534662427;-1.30800833988129;NA
-0.102290773674093;0.837984753961577;-0.382272842312675;-0.00210453332051626;-0.00996163283720422;-0.0213049010216299;0.020895419520169;NA
-0.671463033737546;1.27509295693875;-0.650539302287029;-0.031420588346482;-0.00996163283720422;-2.23127909254726;-0.332906533595634;0.213601830346563
NA;NA;NA;NA;NA;NA;NA;NA
-0.102290773674093;0.0114181541827392;-0.0934231071374003;-0.615987504058582;1.40465409042903;0.417184023526357;0.747425289400859;NA
-0.102290773674093;0.153667198676957;NA;1.02894279118723;1.40465409042903;0.825060321779692;1.77809472025338;NA
-0.671463033737546;0.282493420966889;-1.26428088348754;-1.63872492655759;0.512032686348705;-0.915812318903295;-0.332906533595634;0.198203909692929
1.11813902356558;0.911720049276791;0.223188990100144;-0.443050617455237;-0.661137121047649;-0.483864923109788;-1.38840716052014;-1.34946177340908
-0.102290773674093;0.572131033313638;-1.5242675946742;-0.611638935556258;-0.0490641202833541;-0.483864923109788;-0.00984100897471557;0.0607445165458097
-0.671463033737546;-1.25844409709414;0.54808083612538;1.19910410044276;0.92176225868927;0.417184023526357;0.69776289725689;0.708255705070162
1.7693965607418;-0.981181381789125;-0.0934231071374003;-2.29919292852035;0.549102932246586;-2.66322648834076;-0.600404433649683;0.390738308307781
-0.102290773674093;-0.41428105413736;0.780305185249772;1.22101724239855;-0.00996163283720422;0.825060321779692;0.343960944141087;1.01469048691634
NA;NA;NA;NA;NA;NA;NA;NA
-0.671463033737546;-0.0123657375160697;0.491455450074498;1.00425407188363;0.270586770478826;0.825060321779692;-0.00984100897471557;0.894021180288037
NA;NA;NA;NA;NA;NA;NA;NA
0.548966763502129;-1.53570681239916;1.40122585331163;1.4186428483055;-0.831604169906129;-0.806444871233649;1.77809472025338;1.02173385382445
-0.671463033737546;NA;-0.650539302287029;-0.204357474949827;NA;NA;NA;0.090156941348261
-0.671463033737546;-0.345767304958357;1.09691728248732;1.4186428483055;1.16320817455915;0.825060321779692;1.77809472025338;1.04152414680332
-0.102290773674093;0.708192629286988;0.54808083612538;0.222061550264584;1.16320817455915;0.825060321779692;0.343960944141087;0.768561031983697
0.548966763502129;-0.697731217963243;0.223188990100144;-1.07607115280128;-0.251407548707084;-1.35430124345128;0.020895419520169;0.230562962261433
-0.671463033737546;NA;0.223188990100144;-0.196954561879651;-1.42457735610344;-0.0453759985618015;-0.686708486711436;-0.518767209425144
-0.671463033737546;-1.25844409709414;-3.31092159953432;-0.368318457328482;-0.737309854391679;-3.50959171114208;-1.06534163589922;-3.61731767859899
1.11813902356558;0.634457333971775;-0.0811195807241724;-0.627738985631083;0.882659771243121;0.417184023526357;-0.0346722050466999;NA
1.20022430067835;0.979267896071138;-1.8079928902976;-2.07039950921289;-1.74219600531735;NA;-1.68664148906908;-2.92209402954521
-0.671463033737546;1.39355810973416;1.13295939333728;1.22101724239855;1.16320817455915;0.825060321779692;1.04565961794979;1.1005190693186
0.548966763502129;2.5325803111739;-1.24369760828662;-0.835526251921316;NA;-0.0213049010216299;-1.76704030970793;-0.444168634531935
-0.671463033737546;0.645866328628851;0.223188990100144;-0.421137475499448;0.231484283032676;0.825060321779692;-0.00984100897471557;0.303756576804597
1.7693965607418;0.843206300097787;-0.954847873111345;0.831317185280284;-0.00996163283720422;0.825060321779692;0.778161717895743;0.183540544913687
-0.671463033737546;0.351007170145893;0.491455450074498;NA;0.565041122029211;0.417184023526357;NA;-0.216342599546861
-0.671463033737546;-0.697731217963243;-0.0656607450751307;1.02616721383942;0.84558952534524;0.825060321779692;0.313224515646203;0.154343174328257
-0.671463033737546;1.90954113138486;1.40122585331163;1.02894279118723;1.40465409042903;0.825060321779692;1.42429276713758;0.95492373271208
-0.671463033737546;0.288680869487755;1.13295939333728;-0.257176493120793;0.362697693605481;0.386571397231705;-0.686708486711436;NA
-0.671463033737546;0.911720049276791;-0.650539302287029;0.390371101145563;-0.608128685367144;0.825060321779692;-0.00984100897471557;0.291044835725565
-0.671463033737546;-0.27821945816401;0.844109658162004;1.02616721383942;-0.00996163283720422;0.386571397231705;0.69185766483399;0.183301535006008
-0.671463033737546;-0.629217468784239;-0.622776940224759;-0.035769156848806;-0.251407548707084;0.417184023526357;-0.686708486711436;1.17161585039126
-0.102290773674093;0.702005180766122;0.52749756092446;0.419687156171529;0.84558952534524;0.825060321779692;0.722594093328874;0.749264364325209
-0.671463033737546;-0.0570955949962647;0.795764020898814;NA;1.08703544121512;0.825060321779692;NA;0.996820214252135
1.68731128362903;0.430929913981972;-0.333927205049485;-1.24438070368226;0.231484283032676;-0.483864923109788;-0.363642962090518;0.821503094034959
-0.671463033737546;2.53876775969477;-0.0656607450751307;0.192745495238618;-0.849574601237024;-0.946424945197947;-0.332906533595634;1.05405364382992
-0.671463033737546;-0.209705708985006;0.463693088012228;NA;NA;0.362500299691534;1.04565961794979;0.912316883243224
0.466881486389359;NA;NA;-2.49959411177511;0.362697693605481;NA;-0.929375190693502;-1.26063078631569
-0.671463033737546;0.554534590135695;1.40122585331163;1.4186428483055;1.40465409042903;0.417184023526357;1.77809472025338;0.34374501159915
-0.671463033737546;-0.137018338832345;-0.939389037462303;-0.636086668137258;0.286524960261451;0.825060321779692;-0.419210586657387;0.336961728333318
NA;NA;NA;NA;NA;NA;NA;NA
2.42065409791802;1.82961838754879;1.08461375607409;-0.0341961656942921;1.40465409042903;0.825060321779692;0.0516318480150536;0.830290484615952
-0.671463033737546;-0.981181381789125;1.40122585331163;1.4186428483055;1.40465409042903;0.825060321779692;1.77809472025338;1.08947130673453
1.7693965607418;3.1618069394838;-0.665998137936071;-1.26906942298586;-0.306448225935859;-1.32368861715663;-1.41914358901503;-2.76037082219789
-0.671463033737546;-0.0746920381742071;0.223188990100144;0.406749918440429;0.307657016376706;-1.4089849672861;-0.363642962090518;-0.633894331997739
0.631052040614898;-0.629217468784239;-0.946568124323653;-1.86379799908125;-0.624066875149769;-3.12578651042892;-1.74220911363594;-1.54349137360304
-0.671463033737546;1.05292116860846;-0.898222487060462;0.419703986206225;-1.71235186730037;-4.00276435952489;1.10122724251666;NA
0.548966763502129;0.634457333971775;0.223188990100144;-0.399207503508961;-0.00996163283720422;-0.0213049010216299;-0.00984100897471557;0.92686375988199
1.7693965607418;1.3426408037331;-0.349386040698526;-0.191420237218727;-0.102072555963859;-3.10171541288875;-1.4747112135819;-0.507005965460833
-0.671463033737546;-0.912667632610121;0.223188990100144;0.406749918440429;0.472930198902556;0.825060321779692;0.722594093328874;-0.0871811875211265
2.90774108086871;0.967858901414062;-1.80483758106178;-1.47041537567662;0.254648580696201;-0.922353847657775;-0.686708486711436;-2.02687158349982
-0.671463033737546;0.0675570063200102;-0.963127621899037;-0.382828686214095;-0.0861343661812343;-0.50793602064996;-1.06534163589922;0.0507410965981077
NA;NA;NA;NA;NA;NA;NA;NA
-0.671463033737546;0.492208289477558;-0.671122577487949;-1.4274792506689;0.229452041484406;-0.0519175273162812;0.399528568707956;1.21453014159239
-0.102290773674093;0.634457333971775;0.49973519886219;0.236588609184894;1.124105687113;0.386571397231705;1.07049081402178;1.05854890103639
-0.671463033737546;0.0737444548408767;-0.0934231071374003;0.189969917890808;1.40465409042903;0.825060321779692;1.04565961794979;1.00167824165264
-0.671463033737546;-0.981181381789125;-2.70230445788569;-2.10989405465684;1.40465409042903;0.825060321779692;-0.929375190693502;NA
-0.671463033737546;0.351007170145893;0.259231100950106;1.00147849453582;1.40465409042903;0.825060321779692;1.04565961794979;0.590165356723005
0.548966763502129;0.41333347080403;-1.24369760828662;-2.49219119870493;-2.97040648994248;-3.56427543497691;-2.09010583432885;0.563363439820453
-0.671463033737546;0.0166397003189487;0.0187270030380214;0.828541607932474;1.40465409042903;0.386571397231705;-0.711539682783421;0.882874237739851
-0.671463033737546;0.628269885450908;-0.0450774698742103;0.192745495238618;1.08703544121512;0.825060321779692;0.722594093328874;0.946007135960963
-0.671463033737546;0.849393748618653;-1.79253405464856;-2.07780242228306;-0.0861343661812343;-0.0453759985618015;-0.00984100897471557;0.333959126926697
NA;NA;NA;NA;NA;NA;NA;NA
0.548966763502129;0.634457333971775;0.52749756092446;-0.386270265777862;0.438870426949511;0.00930772527302143;-1.15164568896098;NA
4.21025615522115;3.5189923986249;1.40122585331163;1.4186428483055;1.40465409042903;0.825060321779692;1.77809472025338;-4.06889594640177
-0.671463033737546;-0.635404917305105;-1.23541785949893;1.02616721383942;1.40465409042903;-1.32368861715663;-0.388474158162503;0.0246040194572345
1.7693965607418;1.26890550841789;1.09691728248732;-1.90486553567972;-0.622034633601499;-0.483864923109788;-0.680803254288536;-1.49303878849821
2.90774108086871;-1.53570681239916;-1.20765549743666;-1.09059821172159;-1.14402895278741;-0.977037571492598;-1.76704030970793;-0.808124286474735
-0.102290773674093;-1.18993034791514;-0.650539302287029;-1.03315185782826;-1.14606119433568;-0.483864923109788;-0.332906533595634;-0.801101449118857
NA;NA;NA;NA;NA;NA;NA;0.61420520579139
0.548966763502129;0.991642793112871;-0.954847873111345;-0.410958985081462;0.829651335562615;0.386571397231705;-0.363642962090518;0.257873076111406
NA;NA;NA;NA;NA;NA;NA;NA
-0.671463033737546;-0.981181381789125;0.555259922986729;-0.391804590438785;0.307657016376706;-0.429181199274965;-0.388474158162503;0.355922862878646
NA;NA;NA;NA;NA;NA;NA;NA
NA;NA;NA;NA;NA;NA;NA;NA
-0.671463033737546;-1.25844409709414;1.40122585331163;0.633691579373339;1.40465409042903;-0.0453759985618015;0.313224515646203;-0.99314848412039
-0.102290773674093;-0.981181381789125;-0.650539302287029;-0.428244791314885;-0.941685524363679;-0.922353847657775;-0.332906533595634;0.0136558098452484
-0.671463033737546;-0.981181381789125;1.13295939333728;0.812162790637608;0.231484283032676;0.825060321779692;1.77809472025338;0.967126546749301
-0.671463033737546;-1.25844409709414;NA;1.02616721383942;-0.810472113790874;0.825060321779692;1.3994615710656;0.467698108742823
2.33856882080526;-1.25844409709414;-0.665998137936071;-1.2150646486563;-1.83633916999227;-1.33023014591111;-1.68664148906908;1.16098886500785
-0.671463033737546;-0.981181381789125;0.823526382961083;0.194614083647871;-1.42457735610344;0.825060321779692;0.101294240159022;1.21453014159239
-0.671463033737546;-0.289628452821086;-3.31092159953432;-0.216108956522327;-0.065002310065979;0.825060321779692;-0.283244141451665;-0.59117767807825
-0.671463033737546;0.0675570063200102;-0.650539302287029;-0.216108956522327;-0.569026197920994;-0.483864923109788;-0.363642962090518;-0.28349537829972
-0.671463033737546;0.158888744813166;-0.0779642714883587;-0.393673178848038;-1.22223392767971;-0.0453759985618015;-0.277338909028765;0.435045034903053
-0.671463033737546;0.14747975015609;0.190302188485995;-1.24991502834319;-0.904615278465799;0.825060321779692;-0.277338909028765;0.854435423361676
0.466881486389359;-1.53570681239916;1.40122585331163;1.02894279118723;0.438870426949511;0.825060321779692;-0.332906533595634;1.08273272161429
-0.671463033737546;-0.289628452821086;-0.270122732137253;-0.443050617455237;0.231484283032676;-0.0453759985618015;0.020895419520169;0.24920514627926
1.03605374645281;0.843206300097787;-0.686581413136991;0.60900286006974;1.16320817455915;0.825060321779692;1.10122724251666;0.110509197483211
-0.102290773674093;-1.25844409709414;1.40122585331163;-0.413734562429272;-0.492853464576964;0.825060321779692;-0.363642962090518;-0.809034225409841
0.548966763502129;0.424742465461106;-1.23541785949893;-0.22441885853106;-0.663169362595919;0.825060321779692;-0.363642962090518;0.157829392498399
-0.671463033737546;0.351007170145893;-0.0779642714883587;-0.202505716575271;-0.00996163283720422;-0.453252296815137;-1.38840716052014;0.482843745818517
0.631052040614898;-1.25844409709414;1.11237611813636;-0.627722155596386;0.231484283032676;-0.0453759985618015;0.399528568707956;NA
-0.671463033737546;1.55235567224377;0.795764020898814;1.02894279118723;0.284492718713181;0.825060321779692;1.07639604644468;1.03898680698401
-0.671463033737546;NA;0.162539826423726;NA;NA;-2.28596281638208;0.722594093328874;-0.675828215831737
NA;NA;NA;NA;NA;NA;NA;NA
-0.671463033737546;-0.272032009643143;1.40122585331163;1.22379281974636;-0.159296625580429;0.825060321779692;0.722594093328874;0.603626874863836
-0.671463033737546;-1.18993034791514;1.40122585331163;0.234736850810338;-0.757463678110369;NA;1.13196367101155;NA
-0.671463033737546;0.00523070566187278;-0.650539302287029;-0.0138560148930164;-0.584964387703619;-0.483864923109788;-0.363642962090518;-0.227884699732902
-0.671463033737546;-0.912667632610121;0.491455450074498;0.390371101145563;-0.288477794604964;0.825060321779692;0.343960944141087;-1.20800053215181
-0.671463033737546;-1.53570681239916;1.13295939333728;1.4186428483055;0.92176225868927;0.825060321779692;0.753330521823759;0.995899907272408
-0.671463033737546;-1.25844409709414;-0.0985475466892792;1.4186428483055;1.16320817455915;0.825060321779692;-1.00977401133235;1.06415462690615
0.548966763502129;0.634457333971775;0.539801087337688;0.592624042774873;0.512032686348705;-0.891741221363124;0.722594093328874;0.450479845796215
1.11813902356558;-0.635404917305105;-0.0533572186619027;0.626288666303163;-0.272539604822339;0.417184023526357;0.343960944141087;-0.663096614346337
-0.671463033737546;0.288680869487755;0.223188990100144;-0.216108956522327;-0.00996163283720422;-0.483864923109788;-0.332906533595634;-0.624868031132558
-0.671463033737546;0.702005180766122;-2.70230445788569;-1.66341364586119;-3.28802513915639;-3.1323280391834;-1.68664148906908;0.556823788754798
0.548966763502129;-0.635404917305105;1.09691728248732;-0.424562225028518;-0.888677088683174;-0.0453759985618015;-0.363642962090518;-1.9130453365088
-0.102290773674093;NA;0.223188990100144;0.217434214542218;0.231484283032676;0.417184023526357;0.722594093328874;0.68285753158519
NA;NA;NA;NA;NA;NA;NA;NA
-0.671463033737546;-0.912667632610121;0.52749756092446;1.02616721383942;-0.00996163283720422;-0.915812318903295;1.45502919563246;0.293106437030555
-0.0202054965613237;0.708192629286988;-0.297885094199523;-0.24355642313904;0.231484283032676;-0.483864923109788;0.368792140213071;0.371737139377279
-0.671463033737546;0.282493420966889;-0.0573809962874383;0.397774014215739;0.231484283032676;0.825060321779692;0.343960944141087;0.796708652645991
0.548966763502129;0.288680869487755;-0.369969315899447;-0.637900646014372;-0.00996163283720422;-0.891741221363124;-0.00984100897471557;-1.64804232294116
-0.671463033737546;-1.25844409709414;0.816347296099734;1.02616721383942;0.882659771243121;0.825060321779692;1.3994615710656;0.771270173272232
-0.671463033737546;-1.25844409709414;0.202605714899223;-0.220736292244693;1.40465409042903;0.825060321779692;0.399528568707956;1.16331531113077
1.7693965607418;-0.981181381789125;-1.82857616549852;-2.69444414033424;-0.384653200828159;0.00930772527302143;-2.09010583432885;-1.04444082718555
0.548966763502129;0.640644782492641;-0.918805762261383;-0.82812333885114;-0.902583036917529;-0.483864923109788;-0.332906533595634;-1.52841684171659
0.466881486389359;-0.912667632610121;-1.82857616549852;-0.857439393877106;-1.55579076667624;-1.79279016799927;-0.655972058216552;-1.67684622089223
-0.671463033737546;-1.53570681239916;1.11237611813636;1.20463842510369;1.16320817455915;0.825060321779692;1.42429276713758;1.16465906407765
-0.671463033737546;-0.635404917305105;1.40122585331163;1.22379281974636;0.641213855373241;0.825060321779692;0.778161717895743;NA
-0.671463033737546;0.447560454775258;1.40122585331163;1.4186428483055;1.40465409042903;0.825060321779692;1.77809472025338;0.555753965276802
-0.671463033737546;-1.25844409709414;-0.354510480250405;-1.23697779061209;-2.11485533176003;-2.22473756379278;NA;-1.19991143137184
-0.671463033737546;1.26890550841789;-0.00903535902424826;0.390371101145563;-0.00996163283720422;-0.483864923109788;0.753330521823759;1.02813468343294
-0.671463033737546;-0.629217468784239;0.259231100950106;0.187211170577695;0.215546093250051;0.417184023526357;1.10122724251666;0.987635969274503
1.11813902356558;-0.912667632610121;1.40122585331163;1.4186428483055;-0.492853464576964;0.825060321779692;1.3994615710656;NA
-0.671463033737546;-0.844153883431117;0.231468738887836;-1.48148402499846;-1.50278233099574;0.825060321779692;-2.44390778744465;1.21453014159239
-0.671463033737546;-0.635404917305105;-0.333927205049485;-0.0212589279631926;0.231484283032676;-0.483864923109788;0.399528568707956;-0.537186793563581
-0.671463033737546;NA;0.512038725275418;0.415059820449162;-1.18313144023356;-1.35430124345128;-0.277338909028765;0.877280121086518
-0.671463033737546;1.18898276458181;1.11237611813636;1.22379281974636;-0.290510036153234;-0.946424945197947;-0.332906533595634;0.473579013341552
3.55899861804493;-1.25844409709414;-0.658819051074721;0.633691579373339;0.307657016376706;0.825060321779692;1.04565961794979;0.242599960335085
-0.671463033737546;-0.635404917305105;0.52749756092446;0.985099677240952;-0.159296625580429;0.417184023526357;0.399528568707956;1.13763199561698
-0.102290773674093;0.690596186109046;-0.114006382338321;0.61177843741755;-0.624066875149769;-1.33023014591111;-0.00984100897471557;-1.33924432308629
-0.102290773674093;-0.635404917305105;-0.607318104575718;0.825766030584664;0.92176225868927;0.417184023526357;0.288393319574218;0.18923514180989
0.466881486389359;-0.358142202000089;-0.934264597910424;0.203830974595162;0.158322023633481;0.825060321779692;0.667026468762005;0.577920427494127
-0.671463033737546;0.0675570063200102;0.816347296099734;0.823914272210108;0.604143609475361;0.825060321779692;1.04565961794979;0.735339290892892
-0.671463033737546;0.634457333971775;-2.40115119629719;-0.180575744584784;-1.25930417357759;-2.63915539080059;-0.388474158162503;NA
0.548966763502129;-1.25844409709414;0.512038725275418;0.201055397247352;-0.0861343661812343;-0.0453759985618015;-0.686708486711436;-1.81076312731285
-0.671463033737546;-1.53570681239916;0.864692933362924;1.4186428483055;0.604143609475361;0.825060321779692;1.3994615710656;NA
-0.671463033737546;-1.53570681239916;1.40122585331163;1.4186428483055;0.84558952534524;0.825060321779692;1.3994615710656;1.14248064662016
-0.671463033737546;0.362416164802969;1.13295939333728;1.22379281974636;-0.288477794604964;0.825060321779692;1.45502919563246;0.35892833117519
1.7693965607418;0.991642793112871;-0.954847873111345;-1.65876948010413;-0.663169362595919;-1.35430124345128;-1.44397478508701;0.946402181121219
-0.671463033737546;NA;0.491455450074498;0.804759877567431;-0.212305061260934;0.825060321779692;0.722594093328874;1.04383545798719
-0.671463033737546;-0.844153883431117;1.40122585331163;-0.205947296139038;0.323595206159331;-0.51447754940444;0.753330521823759;0.793604754068905
NA;NA;NA;NA;NA;NA;NA;NA
-0.671463033737546;-0.351954753479223;-0.346230731462713;0.422462733519339;0.346759503822856;-0.867670123822952;-0.655972058216552;0.237192578291761
-0.671463033737546;-1.25844409709414;1.11237611813636;1.22379281974636;0.92176225868927;0.825060321779692;0.642195272690021;-0.782455994633419
-0.671463033737546;-1.18993034791514;-0.0173151078119407;0.189986747925505;-0.00996163283720422;0.362500299691534;0.399528568707956;0.0294951849561927
0.466881486389359;1.971867432043;-0.898222487060462;-0.00210453332051626;-0.290510036153234;-0.0453759985618015;0.399528568707956;0.428484188881659
1.11813902356558;0.905532600755924;-0.0533572186619027;-0.832750674573506;-1.14606119433568;-2.23127909254726;NA;-0.0324866392858611
-0.671463033737546;0.719601623944064;-1.19937574864896;-0.409107226706906;1.124105687113;-0.490406451864268;-1.41914358901503;0.511880453398815
-0.671463033737546;-1.53570681239916;0.57584319818765;0.614537184730663;-0.327580282051114;0.825060321779692;0.722594093328874;1.08614882663675
0.466881486389359;-0.0746920381742071;0.816347296099734;0.831317185280284;0.84558952534524;0.825060321779692;1.42429276713758;0.960199617359319
-0.102290773674093;-0.566891168126102;-0.0450774698742103;1.02616721383942;0.307657016376706;0.417184023526357;0.0457266155921533;0.395926345802796
-0.671463033737546;-0.0685045896533406;-0.686581413136991;-1.86102242173344;0.231484283032676;-0.867670123822952;-1.06534163589922;-0.712393736558992
-0.671463033737546;-0.703918666484109;1.11237611813636;0.394998436867929;1.40465409042903;0.825060321779692;1.04565961794979;0.992440154529801
-0.102290773674093;-0.0746920381742071;1.40122585331163;1.4186428483055;1.40465409042903;0.825060321779692;1.3994615710656;0.795768471150118
-0.671463033737546;-0.981181381789125;-0.939389037462303;-0.847277733493817;-0.941685524363679;-0.0453759985618015;-1.00977401133235;0.402412522024303
0.548966763502129;0.565943584792771;NA;-0.410958985081462;-0.569026197920994;-0.0453759985618015;-0.00984100897471557;-0.490764939684918
0.548966763502129;-0.0632830435171311;0.808067547312042;0.438841550814205;NA;0.825060321779692;1.10122724251666;0.761036218675174
-0.671463033737546;-0.697731217963243;1.40122585331163;0.587996707052507;1.16320817455915;0.825060321779692;1.77809472025338;0.848272473697252
-0.671463033737546;0.00523070566187278;-0.0779642714883587;-0.415586320803828;0.512032686348705;-0.0453759985618015;0.399528568707956;NA
-0.671463033737546;1.05396909377101;0.259231100950106;0.409525495788239;-0.594222737132789;0.00930772527302143;0.0457266155921533;NA
